[gd_scene load_steps=20 format=2]

[ext_resource path="res://src/Ships/player/PlayerShip.tscn" type="PackedScene" id=1]
[ext_resource path="res://src/Levels/Asteroid/Asteroid.tscn" type="PackedScene" id=2]
[ext_resource path="res://src/Levels/Gui/GameGui.tscn" type="PackedScene" id=3]
[ext_resource path="res://src/Levels/Level.gd" type="Script" id=4]
[ext_resource path="res://src/Levels/Checkpoint/Checkpoint.tscn" type="PackedScene" id=5]
[ext_resource path="res://src/Levels/Camera.tscn" type="PackedScene" id=6]
[ext_resource path="res://src/Levels/Checkpoint/CheckpointMain.tscn" type="PackedScene" id=7]
[ext_resource path="res://assets/Background/background.png" type="Texture" id=8]
[ext_resource path="res://src/env.tres" type="Environment" id=9]
[ext_resource path="res://src/Levels/Direction/Arrow.tscn" type="PackedScene" id=10]
[ext_resource path="res://src/Ships/IA/IAShip.tscn" type="PackedScene" id=11]
[ext_resource path="res://src/Ships/Ship1.tscn" type="PackedScene" id=12]
[ext_resource path="res://addons/scatter/src/core/scatter_item.gd" type="Script" id=14]
[ext_resource path="res://addons/scatter/src/core/scatter.gd" type="Script" id=15]
[ext_resource path="res://src/Levels/Level1.tres" type="Curve3D" id=16]

[sub_resource type="Curve3D" id=1]
_data = {
"points": PoolVector3Array( 0, 0, 0, 0, 0, 0, 206.729, -0.0233154, -76.4771, 0, 0, 0, 0, 0, 0, 145.771, -0.0202942, -155.776, 0, 0, 0, 0, 0, 0, 9.80093, 0.0608521, -131.118, 0, 0, 0, 0, 0, 0, -82.4452, 0.0489502, -178.05, 0, 0, 0, 0, 0, 0, -233.08, -0.0675507, -163.292, 0, 0, 0, 0, 0, 0, -319.116, -0.0675201, 36.6782, 0, 0, 0, 0, 0, 0, -176.701, -0.0673981, 173.699, 0, 0, 0, 0, 0, 0, -65.6296, -0.0675201, 27.9386, 0, 0, 0, 0, 0, 0, 58.3749, -0.0675201, 110.213, 0, 0, 0, 0, 0, 0, 164.217, -0.0675201, 62.7291, 0, 0, 0, 0, 0, 0, 220.859, -0.0675201, -45.7005 ),
"tilts": PoolRealArray( 0, 0, 0, 0, 0, 0, 0, 0, 0, 0, 0 )
}

[sub_resource type="QuadMesh" id=2]

[sub_resource type="SpatialMaterial" id=3]
flags_unshaded = true
albedo_texture = ExtResource( 8 )
uv1_scale = Vector3( 13, 13, 1 )

[sub_resource type="BoxShape" id=4]
extents = Vector3( 367.046, 493.251, 0.1 )

[node name="Level1" type="Spatial"]
pause_mode = 2
script = ExtResource( 4 )
checkpoints_path = [ NodePath("Checkpoints/Checkpoint"), NodePath("Checkpoints/Checkpoint2"), NodePath("Checkpoints/Checkpoint3"), NodePath("Checkpoints/Checkpoint4") ]
ships_path = [ NodePath("Ships/Player/PlayerShipController"), NodePath("Ships/IA1") ]
player_path = NodePath("Ships/Player/PlayerShipController")
camera_path = NodePath("Ships/Player/InterpolateFollow")
path = NodePath("Scatter2")
lap_max = 3
waiting_second = 2
activate_zoom = 1

[node name="DirectionalLight" type="DirectionalLight" parent="."]
transform = Transform( 0.735719, 0.276773, 0.618154, -0.677287, 0.300651, 0.671485, 0, -0.912692, 0.408649, 0, 0, 10.0461 )
light_energy = 1.5

[node name="Gui" parent="." instance=ExtResource( 3 )]

[node name="Checkpoints" type="Spatial" parent="."]

[node name="Checkpoint" parent="Checkpoints" instance=ExtResource( 5 )]
transform = Transform( 0.772113, 0, -0.635486, 0, 1, 0, 0.635486, 0, 0.772113, 57.6036, 0, -56.4199 )

[node name="Checkpoint2" parent="Checkpoints" instance=ExtResource( 5 )]
transform = Transform( 0.351841, 0, -0.93606, 0, 1, 0, 0.93606, 0, 0.351841, -138.285, -3.8147e-06, -135.056 )

[node name="Checkpoint3" parent="Checkpoints" instance=ExtResource( 5 )]
transform = Transform( -0.734678, 0, 0.678417, 0, 1, 0, -0.678417, 0, -0.734678, -158.727, 0, 72.5441 )

[node name="Checkpoint4" parent="Checkpoints" instance=ExtResource( 7 )]
transform = Transform( -0.00352558, 0, 0.999994, 0, 1, 0, -0.999994, 0, -0.00352558, 31.9947, 0, 44.066 )

[node name="Scatter" type="Path" parent="."]
curve = SubResource( 1 )
script = ExtResource( 15 )
bake_interval = 100.0
use_instancing = false
modifier_stack = Object(Node,"_import_path":NodePath(""),"pause_mode":0,"process_priority":0,"script":Resource( "res://addons/scatter/src/core/modifier_stack.gd" ),"stack":[ Object(Node,"_import_path":NodePath(""),"pause_mode":0,"process_priority":0,"script":Resource( "res://addons/scatter/src/modifiers/distribute_inside_random.gd" ),"enabled":true,"display_name":"Distribute Inside (Random)","category":"Distribute","warning":"","warning_ignore_no_transforms":true,"override_global_seed":false,"custom_seed":0,"instance_count":1000,"_rng":null)
, Object(Node,"_import_path":NodePath(""),"pause_mode":0,"process_priority":0,"script":Resource( "res://addons/scatter/src/modifiers/randomize_transforms.gd" ),"enabled":true,"display_name":"Randomize Transforms","category":"Edit","warning":"","warning_ignore_no_transforms":false,"override_global_seed":false,"custom_seed":0,"local_space":false,"position":Vector3( 0, 0, 0 ),"rotation":Vector3( 360, 360, 360 ),"scale":Vector3( 0, 0, 0 ),"_rng":null)
, Object(Node,"_import_path":NodePath(""),"pause_mode":0,"process_priority":0,"script":Resource( "res://addons/scatter/src/modifiers/exclude_along_path.gd" ),"enabled":true,"display_name":"Exclude Along Path","category":"Remove","warning":"","warning_ignore_no_transforms":false,"Scatter":Object(Node,"_import_path":NodePath(""),"pause_mode":0,"process_priority":0,"script":Resource( "res://addons/scatter/src/core/namespace.gd" ),"_root":"res://addons/scatter","ScatterPath":Resource( "res://addons/scatter/src/core/scatter_path.gd" ),"Scatter":ExtResource( 15 ),"ScatterItem":ExtResource( 14 ),"Transforms":Resource( "res://addons/scatter/src/core/transforms.gd" ),"ModifierStack":Resource( "res://addons/scatter/src/core/modifier_stack.gd" ),"UpdateGroup":Resource( "res://addons/scatter/src/core/update_group.gd" ),"ExcludePoint":Resource( "res://addons/scatter/src/core/scatter_exclude_point.gd" ),"Util":Resource( "res://addons/scatter/src/common/util.gd" ))
,"path_name":"../Scatter2","width":30.0,"ignore_height":true,"falloff":"{\"points\":[{\"lm\":0,\"lt\":0,\"x\":0,\"y\":0,\"rm\":0,\"rt\":0},{\"lm\":0,\"lt\":0,\"x\":1,\"y\":0,\"rm\":0,\"rt\":0}],\"parameters\":{\"min\":0,\"max\":1,\"res\":100}}","override_global_seed":false,"custom_seed":0,"_rng":null)
 ],"just_created":false,"undo_redo":null)


[node name="ScatterItem" type="Spatial" parent="Scatter"]
script = ExtResource( 14 )
proportion = 200
item_path = "res://src/Levels/Asteroid/Asteroid.tscn"

[node name="Duplicates" type="Spatial" parent="Scatter/ScatterItem"]

[node name="Asteroid" parent="Scatter/ScatterItem/Duplicates" instance=ExtResource( 2 )]
transform = Transform( -0.72651, 0.687149, -0.00310359, 0, -0.00451657, -0.99999, -0.687156, -0.726502, 0.00328133, -200.273, 0.0572898, -51.8882 )

[node name="Asteroid2" parent="Scatter/ScatterItem/Duplicates" instance=ExtResource( 2 )]
transform = Transform( 0.51673, 0.721409, 0.461041, 0, 0.538506, -0.842622, -0.856149, 0.435408, 0.278262, -217.908, 0.0572898, -12.0695 )

[node name="Asteroid3" parent="Scatter/ScatterItem/Duplicates" instance=ExtResource( 2 )]
transform = Transform( 0.273059, 0.957596, 0.0919148, 0, 0.0955458, -0.995425, -0.961997, 0.27181, 0.0260897, 29.2848, 0.0572898, 27.1414 )

[node name="Asteroid4" parent="Scatter/ScatterItem/Duplicates" instance=ExtResource( 2 )]
transform = Transform( -0.0775159, -0.211212, 0.974362, 0, 0.977302, 0.21185, -0.996991, 0.0164217, -0.0757565, 37.9943, 0.0572898, -124.491 )

[node name="Asteroid5" parent="Scatter/ScatterItem/Duplicates" instance=ExtResource( 2 )]
transform = Transform( -0.892359, -0.222879, 0.392455, 0, -0.869558, -0.49383, 0.451327, -0.440674, 0.775958, -2.6143, 0.0572898, 4.22559 )

[node name="Asteroid6" parent="Scatter/ScatterItem/Duplicates" instance=ExtResource( 2 )]
transform = Transform( 0.150677, -0.810162, -0.566511, 0, -0.573053, 0.819518, -0.988583, -0.123482, -0.0863457, 187.345, 0.0572898, -94.1761 )

[node name="Asteroid7" parent="Scatter/ScatterItem/Duplicates" instance=ExtResource( 2 )]
transform = Transform( 0.988103, 0.0343191, -0.149914, 0, 0.974784, 0.223152, 0.153792, -0.220498, 0.963187, -120.907, 0.0572898, -104.414 )

[node name="Asteroid8" parent="Scatter/ScatterItem/Duplicates" instance=ExtResource( 2 )]
transform = Transform( -0.64, -0.750928, 0.162812, 0, -0.211891, -0.977293, 0.768375, -0.625468, 0.13561, -277.011, 0.0572898, -35.8422 )

[node name="Asteroid9" parent="Scatter/ScatterItem/Duplicates" instance=ExtResource( 2 )]
transform = Transform( 0.995087, -0.0822651, 0.0550902, 0, -0.556425, -0.830898, 0.0990074, 0.826815, -0.553691, 108.941, 0.0572898, 60.156 )

[node name="Asteroid10" parent="Scatter/ScatterItem/Duplicates" instance=ExtResource( 2 )]
transform = Transform( -0.756031, -0.475682, -0.449604, 0, 0.686905, -0.726747, 0.654536, -0.549443, -0.519321, -283.776, 0.0572898, -8.54996 )

[node name="Asteroid11" parent="Scatter/ScatterItem/Duplicates" instance=ExtResource( 2 )]
transform = Transform( -0.960016, 0.0982127, 0.262151, 0, 0.936439, -0.350829, -0.279945, -0.336802, -0.898997, 103.874, 0.0572898, -8.54667 )

[node name="Asteroid12" parent="Scatter/ScatterItem/Duplicates" instance=ExtResource( 2 )]
transform = Transform( 0.0924286, -0.472811, -0.876303, 0, -0.88007, 0.474844, -0.995719, -0.0438891, -0.0813436, -107.403, 0.0572898, -112.803 )

[node name="Asteroid13" parent="Scatter/ScatterItem/Duplicates" instance=ExtResource( 2 )]
transform = Transform( 0.954692, -0.289616, -0.0684524, 0, 0.230018, -0.973186, 0.297596, 0.929093, 0.219596, -86.4557, 0.0572898, -34.5976 )

[node name="Asteroid14" parent="Scatter/ScatterItem/Duplicates" instance=ExtResource( 2 )]
transform = Transform( -0.912863, 0.150028, -0.3797, 0, -0.930033, -0.367476, -0.408265, -0.335456, 0.848993, 181.806, 0.0572898, -17.3709 )

[node name="Asteroid15" parent="Scatter/ScatterItem/Duplicates" instance=ExtResource( 2 )]
transform = Transform( 0.552415, 0.720879, 0.418535, 0, -0.5021, 0.86481, 0.833569, -0.477734, -0.277368, 35.3692, 0.0572898, -116.987 )

[node name="Asteroid16" parent="Scatter/ScatterItem/Duplicates" instance=ExtResource( 2 )]
transform = Transform( -0.891553, 0.214321, 0.398998, 0, 0.880954, -0.473203, -0.452915, -0.421885, -0.785417, -237.496, 0.0572898, 109.574 )

[node name="Asteroid17" parent="Scatter/ScatterItem/Duplicates" instance=ExtResource( 2 )]
transform = Transform( -0.507641, 0.550425, -0.662822, 0, -0.76932, -0.638863, -0.861569, -0.324313, 0.390538, 133.039, 0.0572898, 20.1865 )

[node name="Asteroid18" parent="Scatter/ScatterItem/Duplicates" instance=ExtResource( 2 )]
transform = Transform( -0.270629, 0.95912, -0.0827551, 0, 0.0859629, 0.996298, 0.962684, 0.269628, -0.0232641, -8.35803, 0.0572898, 54.3508 )

[node name="Asteroid19" parent="Scatter/ScatterItem/Duplicates" instance=ExtResource( 2 )]
transform = Transform( -0.147796, -0.813653, -0.56225, 0, 0.568493, -0.822688, 0.989018, -0.12159, -0.0840209, -80.0347, 0.0572898, -36.5566 )

[node name="Asteroid20" parent="Scatter/ScatterItem/Duplicates" instance=ExtResource( 2 )]
transform = Transform( -0.544497, -0.191841, -0.816529, 0, -0.973493, 0.228719, -0.838763, 0.124537, 0.530064, 106.071, 0.0572898, -76.1739 )

[node name="Asteroid21" parent="Scatter/ScatterItem/Duplicates" instance=ExtResource( 2 )]
transform = Transform( -0.914505, 0.084727, -0.395604, 0, 0.977825, 0.209422, 0.404576, 0.191517, -0.894226, 182.473, 0.0572898, -20.4513 )

[node name="Asteroid22" parent="Scatter/ScatterItem/Duplicates" instance=ExtResource( 2 )]
transform = Transform( 0.943487, -0.331409, 0.000732515, 0, -0.0022103, -0.999998, 0.331409, 0.943485, -0.00208539, 27.5615, 0.0572898, -102.803 )

[node name="Asteroid23" parent="Scatter/ScatterItem/Duplicates" instance=ExtResource( 2 )]
transform = Transform( -0.866062, 0.113259, 0.486939, 0, 0.974, -0.226547, -0.499937, -0.196204, -0.843544, -253.971, 0.0572898, -62.3772 )

[node name="Asteroid24" parent="Scatter/ScatterItem/Duplicates" instance=ExtResource( 2 )]
transform = Transform( 0.306668, -0.926753, 0.216989, 0, 0.227974, 0.973667, -0.951817, -0.298592, 0.0699122, -248.279, 0.0572898, -82.3344 )

[node name="Asteroid25" parent="Scatter/ScatterItem/Duplicates" instance=ExtResource( 2 )]
transform = Transform( 0.260512, 0.374222, 0.889995, 0, -0.921825, 0.387606, 0.965471, -0.100976, -0.240146, -34.1319, 0.0572898, -118.847 )

[node name="Asteroid26" parent="Scatter/ScatterItem/Duplicates" instance=ExtResource( 2 )]
transform = Transform( -0.919066, 0.0999532, 0.381217, 0, 0.967303, -0.253622, -0.394103, -0.233095, -0.889016, 133.295, 0.0572898, 24.7165 )

[node name="Asteroid27" parent="Scatter/ScatterItem/Duplicates" instance=ExtResource( 2 )]
transform = Transform( -0.958192, -0.216716, 0.186824, 0, -0.652939, -0.75741, 0.286128, -0.725744, 0.625641, -165.382, 0.0572898, -62.0582 )

[node name="Asteroid28" parent="Scatter/ScatterItem/Duplicates" instance=ExtResource( 2 )]
transform = Transform( -0.191233, -0.932937, -0.305055, 0, -0.310791, 0.950478, -0.981545, 0.181763, 0.0594334, 43.9373, 0.0572898, -111.617 )

[node name="Asteroid29" parent="Scatter/ScatterItem/Duplicates" instance=ExtResource( 2 )]
transform = Transform( 0.237702, -0.30715, -0.921497, 0, -0.948688, 0.316213, -0.971338, -0.0751645, -0.225505, 22.984, 0.0572898, 81.735 )

[node name="Asteroid30" parent="Scatter/ScatterItem/Duplicates" instance=ExtResource( 2 )]
transform = Transform( 0.812185, -0.474939, -0.338803, 0, -0.58074, 0.814089, -0.583399, -0.661192, -0.471668, 117.436, 0.0572898, -89.7392 )

[node name="Asteroid31" parent="Scatter/ScatterItem/Duplicates" instance=ExtResource( 2 )]
transform = Transform( 0.987912, 0.0843524, 0.130055, 0, -0.838984, 0.544155, 0.155015, -0.537578, -0.828843, 140.291, 0.0572898, 42.3815 )

[node name="Asteroid32" parent="Scatter/ScatterItem/Duplicates" instance=ExtResource( 2 )]
transform = Transform( 0.863738, 0.388354, 0.321151, 0, -0.637279, 0.770633, 0.503941, -0.665625, -0.550442, -262.01, 0.0572898, -75.363 )

[node name="Asteroid33" parent="Scatter/ScatterItem/Duplicates" instance=ExtResource( 2 )]
transform = Transform( 0.833226, 0.505675, -0.22367, 0, -0.404515, -0.914532, -0.552933, 0.762011, -0.337052, -178.514, 0.0572898, -17.3356 )

[node name="Asteroid34" parent="Scatter/ScatterItem/Duplicates" instance=ExtResource( 2 )]
transform = Transform( -0.985637, 0.15374, -0.0698912, 0, -0.41385, -0.910345, -0.168881, -0.89727, 0.407905, -143.941, 0.0572898, -81.6349 )

[node name="Asteroid35" parent="Scatter/ScatterItem/Duplicates" instance=ExtResource( 2 )]
transform = Transform( -0.438702, -0.87545, -0.202802, 0, -0.225679, 0.974202, -0.898633, 0.427384, 0.0990056, -58.6531, 0.0572898, -35.3288 )

[node name="Asteroid36" parent="Scatter/ScatterItem/Duplicates" instance=ExtResource( 2 )]
transform = Transform( -0.650107, 0.706298, 0.280187, 0, -0.368743, 0.929531, 0.759843, 0.604294, 0.239722, 136.066, 0.0572898, -41.1291 )

[node name="Asteroid37" parent="Scatter/ScatterItem/Duplicates" instance=ExtResource( 2 )]
transform = Transform( -0.978616, -0.182626, 0.0946516, 0, 0.460151, 0.887841, -0.205697, 0.868855, -0.450311, -63.6078, 0.0572898, 40.3763 )

[node name="Asteroid38" parent="Scatter/ScatterItem/Duplicates" instance=ExtResource( 2 )]
transform = Transform( 0.818146, 0.514258, 0.257247, 0, -0.447377, 0.894345, 0.575011, -0.731705, -0.36602, -279.496, 0.0572898, -7.56208 )

[node name="Asteroid39" parent="Scatter/ScatterItem/Duplicates" instance=ExtResource( 2 )]
transform = Transform( 0.474355, -0.551488, -0.686184, 0, -0.779459, 0.626454, -0.880333, -0.297162, -0.36974, 34.6392, 0.0572898, 74.1732 )

[node name="Asteroid40" parent="Scatter/ScatterItem/Duplicates" instance=ExtResource( 2 )]
transform = Transform( 0.917929, 0.123264, 0.377112, 0, -0.950512, 0.310687, 0.396746, -0.285188, -0.872502, -135.118, 0.0572898, -168.457 )

[node name="Asteroid41" parent="Scatter/ScatterItem/Duplicates" instance=ExtResource( 2 )]
transform = Transform( -0.214808, 0.932878, 0.28913, 0, -0.296041, 0.955175, 0.976656, 0.205179, 0.063592, -39.132, 0.0572898, -148.702 )

[node name="Asteroid42" parent="Scatter/ScatterItem/Duplicates" instance=ExtResource( 2 )]
transform = Transform( 0.960322, 0.136287, -0.243328, 0, 0.87247, 0.488668, 0.278895, -0.469278, 0.837852, -165.353, 0.0572898, 133.15 )

[node name="Asteroid43" parent="Scatter/ScatterItem/Duplicates" instance=ExtResource( 2 )]
transform = Transform( -0.924503, 0.376181, 0.0615034, 0, -0.161352, 0.986897, 0.381176, 0.912389, 0.14917, -248.167, 0.0572898, 101.534 )

[node name="Asteroid44" parent="Scatter/ScatterItem/Duplicates" instance=ExtResource( 2 )]
transform = Transform( -0.980916, 0.0437955, -0.189433, 0, 0.974301, 0.225251, 0.19443, 0.220953, -0.955708, 125.842, 0.0572898, -35.041 )

[node name="Asteroid45" parent="Scatter/ScatterItem/Duplicates" instance=ExtResource( 2 )]
transform = Transform( -0.553812, -0.82675, -0.0988751, 0, 0.118749, -0.992924, 0.832642, -0.549893, -0.0657644, -7.37944, 0.0572898, -38.6319 )

[node name="Asteroid46" parent="Scatter/ScatterItem/Duplicates" instance=ExtResource( 2 )]
transform = Transform( 0.0407932, -0.257958, -0.965295, 0, -0.966099, 0.258173, -0.999168, -0.0105317, -0.0394102, -177.149, 0.0572898, -22.9753 )

[node name="Asteroid47" parent="Scatter/ScatterItem/Duplicates" instance=ExtResource( 2 )]
transform = Transform( -0.00228664, 0.91226, -0.409605, 0, 0.409606, 0.912262, 0.999997, 0.00208604, -0.000936627, -80.9903, 0.0572898, -122.226 )

[node name="Asteroid48" parent="Scatter/ScatterItem/Duplicates" instance=ExtResource( 2 )]
transform = Transform( -0.768395, 0.17768, -0.614816, 0, -0.960686, -0.277636, -0.639976, -0.213334, 0.738187, -192.451, 0.0572898, -46.7476 )

[node name="Asteroid49" parent="Scatter/ScatterItem/Duplicates" instance=ExtResource( 2 )]
transform = Transform( 0.99037, -0.00679731, 0.138281, 0, -0.998794, -0.0490965, 0.138448, 0.0486237, -0.989175, 183.262, 0.0572898, 2.56305 )

[node name="Asteroid50" parent="Scatter/ScatterItem/Duplicates" instance=ExtResource( 2 )]
transform = Transform( 0.448261, -0.00644428, 0.89388, 0, -0.999974, -0.00720915, 0.893903, 0.00323158, -0.448249, -195.02, 0.0572898, -135.366 )

[node name="Asteroid51" parent="Scatter/ScatterItem/Duplicates" instance=ExtResource( 2 )]
transform = Transform( 0.583115, 0.506578, -0.635103, 0, -0.781771, -0.623566, -0.81239, 0.36361, -0.455862, 54.5002, 0.0572898, 72.6015 )

[node name="Asteroid52" parent="Scatter/ScatterItem/Duplicates" instance=ExtResource( 2 )]
transform = Transform( 0.988712, 0.133842, -0.0673451, 0, -0.449475, -0.893293, -0.14983, 0.883209, -0.444402, -127.195, 0.0572898, -155.667 )

[node name="Asteroid53" parent="Scatter/ScatterItem/Duplicates" instance=ExtResource( 2 )]
transform = Transform( -0.752813, 0.644679, 0.132895, 0, 0.201897, -0.979407, -0.658234, -0.73731, -0.151991, 41.871, 0.0572898, -90.2572 )

[node name="Asteroid54" parent="Scatter/ScatterItem/Duplicates" instance=ExtResource( 2 )]
transform = Transform( 0.892061, 0.395281, -0.219042, 0, 0.484698, 0.874681, 0.451915, -0.780269, 0.43238, 34.8855, 0.0572898, -11.9763 )

[node name="Asteroid55" parent="Scatter/ScatterItem/Duplicates" instance=ExtResource( 2 )]
transform = Transform( -0.0360944, -0.148742, 0.988217, 0, 0.988862, 0.148839, -0.999348, 0.00537225, -0.0356924, 107.493, 0.0572898, -86.1332 )

[node name="Asteroid56" parent="Scatter/ScatterItem/Duplicates" instance=ExtResource( 2 )]
transform = Transform( 0.515964, -0.788135, -0.335595, 0, 0.391771, -0.920063, 0.85661, 0.474719, 0.20214, 42.8576, 0.0572898, 78.6973 )

[node name="Asteroid57" parent="Scatter/ScatterItem/Duplicates" instance=ExtResource( 2 )]
transform = Transform( 0.0189211, -0.861736, -0.507004, 0, 0.507095, -0.86189, 0.999821, 0.0163079, 0.00959478, 117.321, 0.0572898, 70.5568 )

[node name="Asteroid58" parent="Scatter/ScatterItem/Duplicates" instance=ExtResource( 2 )]
transform = Transform( -0.502015, 0.833917, -0.229265, 0, -0.265089, -0.964224, -0.864859, -0.484055, 0.133079, -77.9095, 0.0572898, 70.6258 )

[node name="Asteroid59" parent="Scatter/ScatterItem/Duplicates" instance=ExtResource( 2 )]
transform = Transform( -0.253268, 0.782335, -0.569041, 0, -0.588219, -0.808702, -0.967396, -0.204818, 0.148977, 0.170612, 0.0572898, -104.656 )

[node name="Asteroid60" parent="Scatter/ScatterItem/Duplicates" instance=ExtResource( 2 )]
transform = Transform( -0.031687, 0.119681, 0.992307, 0, -0.992805, 0.119741, 0.999498, 0.00379423, 0.0314591, -161.805, 0.0572898, -85.9204 )

[node name="Asteroid61" parent="Scatter/ScatterItem/Duplicates" instance=ExtResource( 2 )]
transform = Transform( 0.200904, -0.518901, 0.830891, 0, -0.848185, -0.529701, 0.979611, 0.106419, -0.170403, -191.41, 0.0572898, -165.721 )

[node name="Asteroid62" parent="Scatter/ScatterItem/Duplicates" instance=ExtResource( 2 )]
transform = Transform( 0.331757, -0.937799, -0.102326, 0, 0.10847, -0.9941, 0.943365, 0.3298, 0.0359856, -276.582, 0.0572898, 15.9211 )

[node name="Asteroid63" parent="Scatter/ScatterItem/Duplicates" instance=ExtResource( 2 )]
transform = Transform( -0.905595, -0.406837, -0.119919, 0, 0.282732, -0.959199, 0.424143, -0.868646, -0.256041, 180.848, 0.0572898, -91.7804 )

[node name="Asteroid64" parent="Scatter/ScatterItem/Duplicates" instance=ExtResource( 2 )]
transform = Transform( -0.794293, 0.286197, -0.535901, 0, -0.882091, -0.471079, -0.607535, -0.374175, 0.700639, -187.518, 0.0572898, -163.729 )

[node name="Asteroid65" parent="Scatter/ScatterItem/Duplicates" instance=ExtResource( 2 )]
transform = Transform( -0.169981, -0.944771, -0.280203, 0, 0.284341, -0.958723, 0.985447, -0.162965, -0.0483325, -48.1139, 0.0572898, 40.1965 )

[node name="Asteroid66" parent="Scatter/ScatterItem/Duplicates" instance=ExtResource( 2 )]
transform = Transform( 0.736555, 0.231714, 0.635449, 0, -0.939488, 0.342581, 0.676378, -0.25233, -0.691984, -178, 0.0572898, -70.3 )

[node name="Asteroid67" parent="Scatter/ScatterItem/Duplicates" instance=ExtResource( 2 )]
transform = Transform( 0.795255, -0.451135, -0.405028, 0, -0.668059, 0.744108, -0.606275, -0.591756, -0.531277, -54.8076, 0.0572898, -36.1944 )

[node name="Asteroid68" parent="Scatter/ScatterItem/Duplicates" instance=ExtResource( 2 )]
transform = Transform( 0.501925, -0.200429, 0.841367, 0, -0.972779, -0.231734, 0.864911, 0.116313, -0.488263, 110.053, 0.0572898, 71.8458 )

[node name="Asteroid69" parent="Scatter/ScatterItem/Duplicates" instance=ExtResource( 2 )]
transform = Transform( 0.31611, -0.908595, 0.273, 0, 0.287756, 0.957704, -0.948723, -0.30274, 0.0909624, -177.14, 0.0572898, 11.6619 )

[node name="Asteroid70" parent="Scatter/ScatterItem/Duplicates" instance=ExtResource( 2 )]
transform = Transform( -0.932716, -0.237694, -0.271186, 0, -0.752017, 0.659143, -0.360611, 0.614794, 0.701419, -149.117, 0.0572898, -1.8383 )

[node name="Asteroid71" parent="Scatter/ScatterItem/Duplicates" instance=ExtResource( 2 )]
transform = Transform( -0.995728, -0.0838374, -0.0386821, 0, -0.41895, 0.908009, -0.0923311, 0.90413, 0.417161, -285.321, 0.0572898, -5.97542 )

[node name="Asteroid72" parent="Scatter/ScatterItem/Duplicates" instance=ExtResource( 2 )]
transform = Transform( 0.966332, -0.141777, -0.214713, 0, -0.834491, 0.551021, -0.257298, -0.53247, -0.806396, 60.5952, 0.0572898, 102.538 )

[node name="Asteroid73" parent="Scatter/ScatterItem/Duplicates" instance=ExtResource( 2 )]
transform = Transform( -0.0398963, -0.128902, 0.990854, 0, 0.991644, 0.129005, -0.999204, 0.00514682, -0.0395629, -95.3781, 0.0572898, -122.355 )

[node name="Asteroid74" parent="Scatter/ScatterItem/Duplicates" instance=ExtResource( 2 )]
transform = Transform( -0.974093, -0.166167, 0.153397, 0, 0.678308, 0.734778, -0.226146, 0.715742, -0.660735, -266.733, 0.0572898, 6.44495 )

[node name="Asteroid75" parent="Scatter/ScatterItem/Duplicates" instance=ExtResource( 2 )]
transform = Transform( -0.0887543, -0.993587, 0.0700546, 0, 0.0703321, 0.997524, -0.996054, 0.0885345, -0.00624228, -36.3172, 0.0572898, -130.705 )

[node name="Asteroid76" parent="Scatter/ScatterItem/Duplicates" instance=ExtResource( 2 )]
transform = Transform( -0.421719, -0.355035, -0.834328, 0, 0.920154, -0.391557, 0.906727, -0.165127, -0.388046, -155.929, 0.0572898, -92.0747 )

[node name="Asteroid77" parent="Scatter/ScatterItem/Duplicates" instance=ExtResource( 2 )]
transform = Transform( 0.88662, -0.320335, -0.333602, 0, -0.721303, 0.692619, -0.462499, -0.61409, -0.639522, 14.3507, 0.0572898, -102.685 )

[node name="Asteroid78" parent="Scatter/ScatterItem/Duplicates" instance=ExtResource( 2 )]
transform = Transform( -0.982613, -0.0806107, -0.167254, 0, -0.900831, 0.43417, -0.185666, 0.426621, 0.885168, -77.5892, 0.0572898, -101.408 )

[node name="Asteroid79" parent="Scatter/ScatterItem/Duplicates" instance=ExtResource( 2 )]
transform = Transform( -0.61633, 0.786707, -0.0350697, 0, 0.0445336, 0.999008, 0.787488, 0.615718, -0.0274474, -167.407, 0.0572898, -50.0343 )

[node name="Asteroid80" parent="Scatter/ScatterItem/Duplicates" instance=ExtResource( 2 )]
transform = Transform( -0.233098, 0.92543, 0.298739, 0, -0.307202, 0.951644, 0.972453, 0.221826, 0.0716081, -95.2675, 0.0572898, 44.9369 )

[node name="Asteroid81" parent="Scatter/ScatterItem/Duplicates" instance=ExtResource( 2 )]
transform = Transform( -0.249497, -0.779235, -0.574929, 0, 0.593705, -0.804683, 0.968376, -0.200766, -0.148128, 76.534, 0.0572898, -6.43406 )

[node name="Asteroid82" parent="Scatter/ScatterItem/Duplicates" instance=ExtResource( 2 )]
transform = Transform( -0.282949, 0.955949, 0.0781095, 0, -0.0814374, 0.996678, 0.959135, 0.282009, 0.0230426, -135.158, 0.0572898, -5.2907 )

[node name="Asteroid83" parent="Scatter/ScatterItem/Duplicates" instance=ExtResource( 2 )]
transform = Transform( 0.635985, -0.55848, -0.532562, 0, -0.690115, 0.7237, -0.771701, -0.460263, -0.438903, -229.795, 0.0572898, -19.4794 )

[node name="Asteroid84" parent="Scatter/ScatterItem/Duplicates" instance=ExtResource( 2 )]
transform = Transform( 0.483362, -0.800252, 0.354906, 0, 0.405412, 0.914134, -0.875421, -0.441858, 0.195961, -249.052, 0.0572898, -84.4459 )

[node name="Asteroid85" parent="Scatter/ScatterItem/Duplicates" instance=ExtResource( 2 )]
transform = Transform( -0.823852, 0.206927, -0.527683, 0, 0.930978, 0.365075, 0.566805, 0.300768, -0.766988, 137.443, 0.0572898, -42.4141 )

[node name="Asteroid86" parent="Scatter/ScatterItem/Duplicates" instance=ExtResource( 2 )]
transform = Transform( 0.995656, 0.0912746, -0.0183887, 0, 0.197498, 0.980303, 0.0931085, -0.976045, 0.19664, 173.399, 0.0572898, 14.0076 )

[node name="Asteroid87" parent="Scatter/ScatterItem/Duplicates" instance=ExtResource( 2 )]
transform = Transform( 0.180666, -0.385891, -0.904681, 0, -0.919817, 0.392348, -0.983545, -0.0708838, -0.16618, -215.402, 0.0572898, -109.239 )

[node name="Asteroid88" parent="Scatter/ScatterItem/Duplicates" instance=ExtResource( 2 )]
transform = Transform( 0.546615, 0.83499, 0.0632819, 0, 0.075571, -0.99714, -0.837384, 0.545052, 0.0413082, -82.4863, 0.0572898, 73.2128 )

[node name="Asteroid89" parent="Scatter/ScatterItem/Duplicates" instance=ExtResource( 2 )]
transform = Transform( 0.835119, -0.261774, -0.483787, 0, 0.879503, -0.475894, 0.550069, 0.397428, 0.73449, 127.539, 0.0572898, 46.3312 )

[node name="Asteroid90" parent="Scatter/ScatterItem/Duplicates" instance=ExtResource( 2 )]
transform = Transform( -0.0584709, 0.997678, 0.0349129, 0, 0.0349727, -0.999388, -0.998289, -0.0584352, -0.00204489, -200.451, 0.0572898, -14.0376 )

[node name="Asteroid91" parent="Scatter/ScatterItem/Duplicates" instance=ExtResource( 2 )]
transform = Transform( 0.0677451, 0.265428, -0.961748, 0, 0.963962, 0.266039, 0.997703, -0.0180228, 0.0653037, 45.8992, 0.0572898, -2.2561 )

[node name="Asteroid92" parent="Scatter/ScatterItem/Duplicates" instance=ExtResource( 2 )]
transform = Transform( 0.834318, 0.33622, -0.436886, 0, -0.79249, -0.609885, -0.551283, 0.508838, -0.661188, -97.0692, 0.0572898, 33.5975 )

[node name="Asteroid93" parent="Scatter/ScatterItem/Duplicates" instance=ExtResource( 2 )]
transform = Transform( -0.91017, -0.357544, 0.209171, 0, -0.504957, -0.863145, 0.414235, -0.785608, 0.459597, 68.2739, 0.0572898, 54.7585 )

[node name="Asteroid94" parent="Scatter/ScatterItem/Duplicates" instance=ExtResource( 2 )]
transform = Transform( 0.754653, 0.216723, 0.619298, 0, -0.943873, 0.330307, 0.656124, -0.249267, -0.712297, 170.994, 0.0572898, -78.8172 )

[node name="Asteroid95" parent="Scatter/ScatterItem/Duplicates" instance=ExtResource( 2 )]
transform = Transform( -0.98023, 0.116713, -0.159769, 0, 0.80749, 0.589881, 0.197859, 0.57822, -0.791526, 136.532, 0.0572898, -74.7989 )

[node name="Asteroid96" parent="Scatter/ScatterItem/Duplicates" instance=ExtResource( 2 )]
transform = Transform( -0.777021, -0.596823, -0.200099, 0, 0.317883, -0.94813, 0.629474, -0.736717, -0.247002, 42.2759, 0.0572898, 8.45116 )

[node name="Asteroid97" parent="Scatter/ScatterItem/Duplicates" instance=ExtResource( 2 )]
transform = Transform( 0.121939, 0.51857, -0.846296, 0, -0.852659, -0.522468, -0.992538, 0.063709, -0.103972, -160.387, 0.0572898, -94.7885 )

[node name="Asteroid98" parent="Scatter/ScatterItem/Duplicates" instance=ExtResource( 2 )]
transform = Transform( 0.917891, -0.294734, -0.265722, 0, 0.669607, -0.742716, 0.396833, 0.681732, 0.614626, -172.079, 0.0572898, 22.6138 )

[node name="Asteroid99" parent="Scatter/ScatterItem/Duplicates" instance=ExtResource( 2 )]
transform = Transform( -0.461059, 0.88444, -0.0720521, 0, -0.0811974, -0.996698, -0.88737, -0.459536, 0.0374368, -167.248, 0.0572898, 104.492 )

[node name="Asteroid100" parent="Scatter/ScatterItem/Duplicates" instance=ExtResource( 2 )]
transform = Transform( 0.65496, 0.160001, -0.738531, 0, -0.977327, -0.211736, -0.755664, 0.138678, -0.64011, -106.202, 0.0572898, -111.793 )

[node name="Asteroid101" parent="Scatter/ScatterItem/Duplicates" instance=ExtResource( 2 )]
transform = Transform( -0.474315, 0.689523, 0.547342, 0, -0.621729, 0.783233, 0.880355, 0.371499, 0.294895, 76.6132, 0.0572898, 57.3993 )

[node name="Asteroid102" parent="Scatter/ScatterItem/Duplicates" instance=ExtResource( 2 )]
transform = Transform( -0.687775, 0.663048, -0.29552, 0, -0.407095, -0.913386, -0.725923, -0.628204, 0.27999, 141.439, 0.0572898, -44.2878 )

[node name="Asteroid103" parent="Scatter/ScatterItem/Duplicates" instance=ExtResource( 2 )]
transform = Transform( 0.496536, -0.16806, -0.851591, 0, 0.981078, -0.193614, 0.868016, 0.0961365, 0.48714, 2.53026, 0.0572898, -117.512 )

[node name="Asteroid104" parent="Scatter/ScatterItem/Duplicates" instance=ExtResource( 2 )]
transform = Transform( 0.629766, -0.776068, 0.0333568, 0, -0.0429422, -0.999078, 0.776785, 0.629185, -0.0270435, -25.3056, 0.0572898, -121.351 )

[node name="Asteroid105" parent="Scatter/ScatterItem/Duplicates" instance=ExtResource( 2 )]
transform = Transform( 0.997017, 0.0594495, 0.0492209, 0, 0.637732, -0.770259, -0.0771812, 0.767961, 0.635829, -127.248, 0.0572898, -31.6936 )

[node name="Asteroid106" parent="Scatter/ScatterItem/Duplicates" instance=ExtResource( 2 )]
transform = Transform( 0.66153, 0.188003, 0.72597, 0, -0.968065, 0.250698, 0.749919, -0.165844, -0.640404, 23.0432, 0.0572898, -86.3211 )

[node name="Asteroid107" parent="Scatter/ScatterItem/Duplicates" instance=ExtResource( 2 )]
transform = Transform( 0.980059, -0.0432982, 0.193932, 0, 0.975971, 0.2179, -0.198707, -0.213554, 0.956509, -139.124, 0.0572898, 124.186 )

[node name="Asteroid108" parent="Scatter/ScatterItem/Duplicates" instance=ExtResource( 2 )]
transform = Transform( 0.1294, -0.961333, -0.243092, 0, -0.245153, 0.969484, -0.991592, -0.125452, -0.0317228, -45.6245, 0.0572898, 8.97253 )

[node name="Asteroid109" parent="Scatter/ScatterItem/Duplicates" instance=ExtResource( 2 )]
transform = Transform( 0.750424, -0.388053, -0.53505, 0, 0.809509, -0.587108, 0.660957, 0.44058, 0.607475, 17.9644, 0.0572898, -95.781 )

[node name="Asteroid110" parent="Scatter/ScatterItem/Duplicates" instance=ExtResource( 2 )]
transform = Transform( 0.827806, -0.449503, -0.335685, 0, 0.598354, -0.801232, 0.561015, 0.663265, 0.495321, 121.023, 0.0572898, -94.8933 )

[node name="Asteroid111" parent="Scatter/ScatterItem/Duplicates" instance=ExtResource( 2 )]
transform = Transform( -0.927899, -0.00011828, -0.372832, 0, -1, 0.000317248, -0.372832, 0.000294374, 0.927899, -181.356, 0.0572898, 146.384 )

[node name="Asteroid112" parent="Scatter/ScatterItem/Duplicates" instance=ExtResource( 2 )]
transform = Transform( 0.378316, -0.476795, -0.793438, 0, 0.857144, -0.515077, 0.925677, 0.194862, 0.324271, -207.946, 0.0572898, 128.391 )

[node name="Asteroid113" parent="Scatter/ScatterItem/Duplicates" instance=ExtResource( 2 )]
transform = Transform( -0.0120419, 0.808516, 0.58835, 0, -0.588393, 0.808575, 0.999927, 0.00973678, 0.00708538, -127.872, 0.0572898, -44.8825 )

[node name="Asteroid114" parent="Scatter/ScatterItem/Duplicates" instance=ExtResource( 2 )]
transform = Transform( -0.883711, -0.383641, -0.268096, 0, -0.572813, 0.819686, -0.468034, 0.724365, 0.506201, -128.55, 0.0572898, -34.3614 )

[node name="Asteroid115" parent="Scatter/ScatterItem/Duplicates" instance=ExtResource( 2 )]
transform = Transform( 0.894777, 0.337962, 0.291816, 0, -0.653542, 0.756891, 0.446514, -0.677248, -0.584774, -122.205, 0.0572898, -107.387 )

[node name="Asteroid116" parent="Scatter/ScatterItem/Duplicates" instance=ExtResource( 2 )]
transform = Transform( 0.583113, -0.409916, -0.70139, 0, -0.863365, 0.50458, -0.812391, -0.294227, -0.503439, -268.023, 0.0572898, 6.06453 )

[node name="Asteroid117" parent="Scatter/ScatterItem/Duplicates" instance=ExtResource( 2 )]
transform = Transform( -0.630452, 0.775231, -0.0393222, 0, 0.0506581, 0.998716, 0.776228, 0.629643, -0.0319375, 109.728, 0.0572898, -75.3719 )

[node name="Asteroid118" parent="Scatter/ScatterItem/Duplicates" instance=ExtResource( 2 )]
transform = Transform( 0.133746, -0.626203, 0.768103, 0, 0.775066, 0.63188, -0.991016, -0.0845115, 0.103662, -104.853, 0.0572898, 58.5231 )

[node name="Asteroid119" parent="Scatter/ScatterItem/Duplicates" instance=ExtResource( 2 )]
transform = Transform( 0.990673, 0.000981431, -0.13626, 0, -0.999974, -0.00720248, -0.136263, 0.0071353, -0.990647, 32.5601, 0.0572898, 26.8367 )

[node name="Asteroid120" parent="Scatter/ScatterItem/Duplicates" instance=ExtResource( 2 )]
transform = Transform( 0.721745, -0.268841, 0.637815, 0, -0.921487, -0.38841, 0.692159, 0.280333, -0.665079, 65.8602, 0.0572898, 95.7232 )

[node name="Asteroid121" parent="Scatter/ScatterItem/Duplicates" instance=ExtResource( 2 )]
transform = Transform( -0.996504, -0.0832076, -0.00752306, 0, -0.0900459, 0.995938, -0.083547, 0.992456, 0.089731, -64.0788, 0.0572898, 49.972 )

[node name="Asteroid122" parent="Scatter/ScatterItem/Duplicates" instance=ExtResource( 2 )]
transform = Transform( 0.353602, -0.893068, 0.278199, 0, -0.297413, -0.954749, 0.935396, 0.337601, -0.105166, 191.368, 0.0572898, -52.1025 )

[node name="Asteroid123" parent="Scatter/ScatterItem/Duplicates" instance=ExtResource( 2 )]
transform = Transform( 0.519855, -0.768712, 0.372603, 0, 0.436173, 0.899863, -0.854254, -0.467798, 0.226747, -194.623, 0.0572898, -80.2829 )

[node name="Asteroid124" parent="Scatter/ScatterItem/Duplicates" instance=ExtResource( 2 )]
transform = Transform( 0.0733269, 0.48428, 0.871835, 0, 0.874188, -0.485587, -0.997308, 0.0356066, 0.0641015, -21.1133, 0.0572898, -124.087 )

[node name="Asteroid125" parent="Scatter/ScatterItem/Duplicates" instance=ExtResource( 2 )]
transform = Transform( 0.880253, -0.416743, 0.226894, 0, -0.47817, -0.878267, 0.474506, 0.773097, -0.42091, 70.8421, 0.0572898, -125.079 )

[node name="Asteroid126" parent="Scatter/ScatterItem/Duplicates" instance=ExtResource( 2 )]
transform = Transform( -0.793074, 0.00253729, -0.60912, 0, 0.999991, 0.00416546, 0.609125, 0.00330352, -0.793067, -102.122, 0.0572898, -92.8943 )

[node name="Asteroid127" parent="Scatter/ScatterItem/Duplicates" instance=ExtResource( 2 )]
transform = Transform( 0.687743, 0.220069, -0.691794, 0, -0.952945, -0.303145, -0.725954, 0.208486, -0.655381, 24.6961, 0.0572898, 62.9709 )

[node name="Asteroid128" parent="Scatter/ScatterItem/Duplicates" instance=ExtResource( 2 )]
transform = Transform( -0.234017, -0.146621, -0.961113, 0, -0.988563, 0.150809, -0.972232, 0.0352919, 0.231341, 1.58684, 0.0572898, -80.5904 )

[node name="Asteroid129" parent="Scatter/ScatterItem/Duplicates" instance=ExtResource( 2 )]
transform = Transform( -0.857751, -0.439697, 0.266326, 0, -0.518078, -0.855333, 0.514065, -0.733663, 0.444382, -51.1004, 0.0572898, -153.614 )

[node name="Asteroid130" parent="Scatter/ScatterItem/Duplicates" instance=ExtResource( 2 )]
transform = Transform( -0.981234, -0.12847, 0.14379, 0, -0.745717, -0.666262, 0.192821, -0.653759, 0.731723, -214.769, 0.0572898, 120.8 )

[node name="Asteroid131" parent="Scatter/ScatterItem/Duplicates" instance=ExtResource( 2 )]
transform = Transform( 0.828255, -0.522837, -0.201581, 0, -0.359741, 0.933052, -0.560351, -0.772806, -0.297957, 65.7856, 0.0572898, 60.3237 )

[node name="Asteroid132" parent="Scatter/ScatterItem/Duplicates" instance=ExtResource( 2 )]
transform = Transform( 0.992998, -0.0499067, 0.107073, 0, 0.906379, 0.422465, -0.118132, -0.419506, 0.900033, 56.5163, 0.0572898, -14.4907 )

[node name="Asteroid133" parent="Scatter/ScatterItem/Duplicates" instance=ExtResource( 2 )]
transform = Transform( -0.691353, 0.659082, 0.296043, 0, -0.409738, 0.912203, 0.722517, 0.630655, 0.283274, -69.5762, 0.0572898, -164.18 )

[node name="Asteroid134" parent="Scatter/ScatterItem/Duplicates" instance=ExtResource( 2 )]
transform = Transform( -0.248784, -0.901358, -0.354486, 0, -0.365993, 0.930618, -0.968559, 0.231522, 0.0910531, -187.761, 0.0572898, -19.2184 )

[node name="Asteroid135" parent="Scatter/ScatterItem/Duplicates" instance=ExtResource( 2 )]
transform = Transform( 0.896169, 0.159392, 0.414095, 0, -0.933252, 0.359223, 0.443712, -0.321925, -0.836352, -90.5552, 0.0572898, 74.2965 )

[node name="Asteroid136" parent="Scatter/ScatterItem/Duplicates" instance=ExtResource( 2 )]
transform = Transform( 0.39645, 0.417335, -0.817716, 0, 0.890703, 0.454585, 0.918056, -0.18022, 0.353119, 41.6231, 0.0572898, 79.5084 )

[node name="Asteroid137" parent="Scatter/ScatterItem/Duplicates" instance=ExtResource( 2 )]
transform = Transform( -0.9455, -0.308137, 0.105268, 0, -0.323284, -0.946302, 0.325622, -0.894728, 0.305665, -20.064, 0.0572898, -121.307 )

[node name="Asteroid138" parent="Scatter/ScatterItem/Duplicates" instance=ExtResource( 2 )]
transform = Transform( -0.871481, 0.0260127, 0.48974, 0, -0.998592, 0.0530405, 0.49043, 0.0462238, 0.870254, -26.3395, 0.0572898, -34.6584 )

[node name="Asteroid139" parent="Scatter/ScatterItem/Duplicates" instance=ExtResource( 2 )]
transform = Transform( 0.99469, 0.101833, -0.014864, 0, -0.144433, -0.989515, -0.102912, 0.984261, -0.143667, 126.683, 0.0572898, -67.8669 )

[node name="Asteroid140" parent="Scatter/ScatterItem/Duplicates" instance=ExtResource( 2 )]
transform = Transform( -0.557075, 0.150248, 0.816758, 0, -0.983498, 0.180921, 0.830462, 0.100787, 0.547882, 173.796, 0.0572898, 8.85423 )

[node name="Asteroid141" parent="Scatter/ScatterItem/Duplicates" instance=ExtResource( 2 )]
transform = Transform( 0.906727, -0.366086, -0.20935, 0, -0.496422, 0.868081, -0.421719, -0.787113, -0.450119, -120.746, 0.0572898, -10.2624 )

[node name="Asteroid142" parent="Scatter/ScatterItem/Duplicates" instance=ExtResource( 2 )]
transform = Transform( 0.528409, -0.567445, -0.631498, 0, 0.743823, -0.668377, 0.84899, 0.353176, 0.393042, -152.984, 0.0572898, -145.635 )

[node name="Asteroid143" parent="Scatter/ScatterItem/Duplicates" instance=ExtResource( 2 )]
transform = Transform( -0.952332, 0.247732, 0.178021, 0, -0.583558, 0.812072, 0.305062, 0.773362, 0.555741, -136.366, 0.0572898, 3.17874 )

[node name="Asteroid144" parent="Scatter/ScatterItem/Duplicates" instance=ExtResource( 2 )]
